+6285524426949
+6285695863908
+6289693898880
+6289693898882
+6283107863594
+6283107863659
+6283107863662
+6283107863670
+6283107863677
+6283107863695
+6283107863699
+6283107863708
+6283107864126
+6283107864127
+6283107864140
+6283107864148
+6283107864372
+6283107864392
+6283162444962
+6283826789958
+628382836939
+6283841122829
+6283844655512
+6282220793314
+6281337905933
+6282236332749
+6282249578561
+6282291921583
+6283173304396
+6283190763404
+6283820083675
+6283820087881
+6283844655717
+6283844655985
+6283844656513